141019719158333440
159495905945452544
172017348071391232
198895342589181952
216221153344225282
245186585958547456
283754663768096768
315190481728307201
321007621589041152
327858933064663040
331432913507975178
332241056437501953
333349463718625280
391141144727126017
406827903192399882
436393464993808404
479305904957816842
496718714021085195
529697832748318720
537317517501267979
550774775568400394
552527736648761344
553978626572419081
556152134446612490
556225312606912550
556577349496471553
558053669497733170
558750801275650066
559479985623138304
559762052596367381
560404897355399168
560405632985989130
560406360748195840
560407215878570019
560408829377118228
560409940624277504
560410924280709120
560415014935330831
560421402994409481
560422513138728970
560423245820723204
560424224964214789
560427163279687691
560428402377490472
560432477630365725
560436154466566145
560439100528787466
560442936505008129
560443791647965186
560449196625231873
560451805226467381
560455253820964864
560459688160919572
560460291960209454
560464371399131145
560467313518837760
560468422706593802
560469029282775051
560469756726083594
560470611416317973
560472574560174092
560473177554288680
560473908768407562
560474507094261762
560478463501402133
560479922934644736
560480784897540106
560483729357930516
560485470522310671
560491464128200705
560492443775139842
560493181326721056
560496255315476500
560496857323929601
560502150942294046
560507427557212191
560508283987820544
560509645710688256
560516708062855178
560518196105314325
560521264926687252
560522752616824832
560525695252430858
560526555017904128
560527291180908567
560528781379633152
560529633716600872
560530489052495886
560534185589211154
560536654499020802
560537386606526497
560546125975912448
560551405216333825
560552005882347556
560555334364823552
560556313273303056
560557675222663178
560559411408666625
560565072943120404
560572812515868720
560574177740980225
560575035396325562
560578613703868456
560579467714756648
560581462525607936
560587758289158225
560593038628618270
560593768747630596
560594628626087937
560595231490441217
560595962716880916
560596692068466720
560603952949886987
560608633210273792
560610220502679573
560611454168989696
560613066597859348
560618124592807936
560621946904117269
560623432321073178
560624041266905088
560629824054493204
560630683303936032
560634130161860621
560638310502891521
560640303816507402
560642349378830346
560643678767415306
560647629290340375
560648107524751371
560649314607562770
560650423266967552
560653118463803400
560654225093296128
560654833623891968
560655317344714767
560656049716068363
560656652362186772
560657132802932771
560657605807046666
560658582639476747
560659687327006735
560662501168119829
560664235923996718
560664837320081458
560667782367412236
560668508854157313
560671446347808776
560676161563262977
560677954414182410
560678687847219204
560681502623662091
560683465515728901
560684067155345425
560684669423845387
560686260755365888
560687677180084224
560691537554571264
560691628285755412
560692267447353344
560694577774985236
560695202298331147
560696056153636876
560697521207246858
560700007079084035
560700219013201920
560702595505848351
560703960286101535
560705074175934466
560705805574209539
560705983848906752
560706789180440576
560709059599269909
560710114227519488
560713268440596490
560713426242895872
560716094948638741
560716565289631755
560717176970149909
560717513994797056
560718377207857152
560718862031650816
560719665618223114
560720019579994123
560721258413555713
560722181613551627
560722245832671243
560722365172940830
560722861094993920
560723420267151360
560724532097318913
560725184324173836
560725389740343296
560726971063992330
560728077681033227
560728821121417236
560730285029982220
560730292277477406
560730891970936843
560731149895204884
560734098466013184
560734475953242113
560737546598875136
560737679449391114
560738281944514560
560739142271631380
560739865533349889
560740731279638528
560741335573725205
560742066821529601
560743100247572501
560743998457905153
560744891152465933
560746931542949896
560747576480104464
560748428443779072
560749534368497664
560750003778355231
560750797692862464
560751278192328705
560751884135170049
560753210600718336
560754372322263061
560755453534142465
560756431767339009
560758465044152361
560761225831645185
560761837533134859
560762319437692948
560765278997446686
560765423788752898
560770450511233024
560773796328505351
560777638881525761
560779070053285908
560780726195191810
560782278389923850
560784819920044035
560785108341096448
560787655940374539
560789317799116801
560790491566964746
560792763025719296
560793321350365194
560796276254441472
560796475634876417
560799612047458305
560800172234506250
560803121375215637
560804797905633290
560808151897866250
560811091060326400
560814165481226250
560816979200573442
560819800377655308
560825848756699148
560826150616825856
560828931834380288
560829610606985219
560831872486080534
560832606061723658
560833204911865886
560835431072268290
560836166149079040
560838377402925093
560839125767421952
560842082751610880
560842589863936001
560847249513381910
560850201569656855
560850855428096010
560852473095520309
560853025921695764
560855974500368384
560857533502455828
560859175882588170
560863016271347712
560868041701982218
560873322871521280
560876143935356958
560892724828700702
560896046985642000
560899117904298005
560904412978216995
560905647038922763
560912176794173460
560915245485260840
560918582175858725
560924974475640842
560930995629457411
560940469882716171
560946366935990283
560949183171919872
560952263770767360
560956350897717251
560963603851771915
560966428619046953
560969500439085093
560972444589096990
560979713066008586
560982660785242167
560985615278014494
560989191731937281
560994229925576734
560997310276829185
561000130174779393
561002821936349192
561008108655345664
561010929400152074
561011789785989148
561012529971593247
561013899571232789
561016867469131806
561019679569739776
561022505465413635
561030512852860933
561033463638130688
561036423957053441
561040009344450583
561043816178515968
561047774141874177
561050851997646888
561054050804695050
561057636796203009
561060587790925825
561063784022802448
561067114367287307
561070956081053697
561074936169627668
561077877135638531
561080693325824013
561083629552402432
561086453921087499
561089265128439818
561092085009350656
561095028173307912
561098233573801985
561120607526322176
561123685516181506
561126631196983306
561129847989075970
561130456570003456
561133282465546261
561134024467415050
561136981015396364
561140561935859732
561145602528903170
561148554706419722
561149155024830465
561151969658404865
561155047480623104
561158137005211676
561161078038593546
561164031986106368
561166976823853057
561169790371233802
561172612059889665
561175565177192450
561179152653484032
561183250802933770
561189099155750914
561192512329351200
561196609573093379
561201782621995028
561204857504268288
561208049344184330
561210874786873362
561222723175710731
561226430931927051
561233704152727565
561244576191348746
561247778731458591
561251996485681154
561254955940446209
561258662451085332
561261748863107083
561270472386412555
561273935279423498
561277647502442497
561280590498758656
561286743656235028
568021629226188816
571060712240185365
571062981559975992
571066249329508353
571068289862860810
571069972835467265
571076588716818444
571076936688730123
571082807204511745
571087804407349248
571088466369183746
571089926855065626
571090309199429636
571091638747922462
571091687166836746
571094424076156928
571095627526569994
571097566624612356
571098328901877774
571101986787688448
571103387635023892
571104981554429973
571108022726819860
571108561791483927
571111028524449805
571111344938549249
571113728611844099
571114243596877834
571116892375482388
571119958084419623
572332548236115973
573183721516302367
573184978603606018
573185716557971458
573186332214427667
573186537945038858
573187016175648788
573187070059610122
573188119118086155
573188724238712842
573189891035365394
573190341327585291
573190878651482112
573190942983716875
573191418319994890
573191492684873728
573192145595531284
573192477595402240
573192886498099252
573192960334888971
573193821446471691
573193992632664071
573194686718672939
573195553547223060
573196282177257484
573197016126062592
573197408989609984
573197634580512788
573198243534602242
573198265441320962
573198740018561125
573199342777794563
573199581517447168
573199822266302482
573200553023373313
573200955936342047
573201555965083658
573202003740590112
573202735478865921
573203719374635018
573204026305544212
573204329172041779
573204502858170369
573204812955516929
573205240757878793
573205413621923841
573205844980793348
573207632752410635
573209567433981962
573210095186477056
573210303479676938
573210823472840716
573211039915573249
573211772970991627
573214982020530176
573215146277601280
573215622733758485
573215720372961290
573216224461455380
573216703664881668
573217318293733376
573217926728122411
573218662056460313
573219520563642388
573219772917874690
573220264108752941
573220498369019906
573221096493416460
573221136515465226
573221696367230997
573221885236740120
573222553460408340
573223408054304788
573224126894964746
573224735752716313
573224899003547668
573225756541583360
573226228048199683
573227337856843776
573227820629884938
573228184271716368
573228302068744195
573228786288427008
573229386002857994
573231026508398600
573231894028615764
573232209914363904
573232503385620530
573232689285562412
573233240283021334
573233421254393858
573233872741990401
573233897928917033
573234605210075154
573235209068347396
573235831335157780
573236943802990592
573237099025661957
573237560134991873
573239905812086824
573241105529962556
573241836651413558
573242696718745602
573243684221485071
573244163886153758
573244768096878662
573247709755080710
573248316926722051
573249430480879617
573252366862778375
573252973388496914
573253581378158614
573254436688756747
573255171207987273
573255902162059266
573256881762598956
573257606563495956
573258459076755506
573260291677093898
573261021372743683
573261628879929364
573262361419448349
573263217711906826
573264199195820052
573264676243111959
573267492890214410
573268226885156880
573270087050592286
573270560860012544
573271039111593985
573271519933759492
573272122814758913
573272598582919178
573273074733154314
573275901182345240
573276510501208075
573277627096367104
573278228236730379
573280916378746880
573281515652382720
573282498491056149
573285444880695346
573286430403461140
573287166667391015
573288498967216156
573292055594401815
573293389835927564
573295232242810883
573299922586173440
573300529409818624
573303957636513792
573307762784731157
573310226451922945
573311945768173589
573313147562098689
573313748568375303
573315206080626688
573319120918020097
573319726244298762
573320204483035140
573320681845162034
573321286512803840
573321887476613180
573322372833345557
573322979765780480
573323962428424232
573324570744979466
573325050598653958
573326641825185814
573329401249267753
573330125538721792
573331234030223381
573331713917190155
573336604618391571
573337720479285259
573338449713561602
573341262363754511
573345162919673888
573345763279765557
573346368035356683
573347220028653580
573347830962323487
573348561396301827
573349171269206016
573349902474543118
573351265648771073
573351741580509184
573352469975924746
573353072693346314
574117222734102529
574288034359541795
574345232313745412
574414017834123274
574417863289339925
574502984667496459
575098215389462551
575332039742455815
575365094192447504
575458325408382977
575464875082383371
575466224344104960
575489705060204544
575511427146711050
575519702734864404
575532270908211220
575565943460331531
575602023391559681
575619285498724353
575622770948571145
575623678717329415
575678208188481557
575679747435266048
575681343502155806
575698794662854658
575721582400634880
575730798699741197
575799316728250369
575825649181261843
575911989767831554
575913248147243009
575928371960086538
575941895260340224
575987994402750476
576029789660512267
576107908006150155
576112040779841537
576189991961755648
576242678090694661
576258137942917123
576285180323692554
576601080394416163
576667123242237963
576711369727016990
576711428002545665
576714776885854228
576727639608262657
576729915488075798
576732675180593152
576742286482735114
576748253236953119
576772514974400512
576775112301477888
576781387663671306
576829270505160726
576849789547839489
576856118576545803
576902326531391498
576914874618216458
577020718013874189
577023808091848704
577041132031311874
577050433391034369
577090913185300481
577106873526910996
577176510163845137
577219298397782017
577231854990786582
577234893508182033
577238066859868179
577270694916784165
577271864301322240
577291359321456642
577433501092020247
577537336846450718
577595337502621706
577596106175938600
577645233789992970
577663902305746944
577665809409769482
577761236297711627
577940991613599744
577945030333956127
577952198529515533
577954362580664329
577961348680384513
577977496054530079
577993483298668554
577995146931470336
577996628284276769
578058142559240202
578114474792321055
578190928108322833
578207414017589264
578214493318938633
578293885483089933
578308856174739476
578379263364038676
578494988200050699
578524704063881236
578555579581071371
578588281533628443
578594102531325973
578616201350086666
578625944542248975
578628457169289229
578633567588974602
578634273222033421
578640196233330698
578659885475168256
578664329906356246
578664555111120918
578683911710965770
578742132437811210
578750407761854464
578751480245256212
578751556501897227
578812975180152834
578827504127705100
579177522332303370
579672707042508800
579743802206584853
579748395393089726
579796905048014851
579818776346755072
579840123403763722
579843556731256844
579845339268382770
579846519042211850
579848935435272202
579897419928567809
579897539915153418
579913037394477069
579934069618507776
579958397991125003
579969907014369281
579974041427902464
579995330133884949
580001781099003905
580004463239233556
580010561501134849
580020184786403339
580034383315206165
580036369200709633
580044670810325042
580057917311680532
580074415589687326
580075741383753741
580077000773992454
580103708512354345
580161127980466178
580162105529860099
580215891338199052
580234029383680010
580273693704454175
580280145768874004
580289251221176331
580365216475381760
580366032372498443
580368363008557076
580368955290419200
580373013749301258
580378121040035870
580409911268081697
580431879509901313
580444095655182359
580447505615945730
580452460703776768
580462419227443201
580473047543447553
580498260570013739
580509261612843013
580543420242591745
580637784902205450
580721166994374656
580757570713813002
580841180011692054
580844685774291004
580906011712290816
580922131857276930
581079292536946688
581750389314158592
582046370387722270
582068596809924630
582234311647035435
582252782719860895
582317751914201121
582355474633195521
582547230339104768
582648256715030549
586639374238744586
587733922910306306
587809468771860533
588088875721687073
588152821883338765
588510995924910102
588580149629419523
589289268300742676
589380209904451585
589541795768172554
589680855270686752
589718328969265152
589727102148804609
590739778169733123
590814382825406467
590825657005768704
590833516896583681
590848569091686400
590935965418127371
591326177327579137
591326953651568650
591340832162971669
591403321823068180
591451518084055050
591588409320144915
591872053192425482
591893570978578435
591903519636717587
591906958366343202
592003393417904166
592107321404948501
592118521291603999
592188334948876289
592213044139130900
592316572836823058
592324003402612737
592329256407662618
592361355961565204
592479707363147776
592489901904101376
592569731966304268
592594443979456522
592598144458686474
592653633976532994
592662503079542795
592674955322327069
592682195756253194
592713058032549888
592788402248744962
592789696459833360
592820869240324098
592841918405410828
592940547921149965
593003589476024340
593031096711512084
593391225525108748
593480508525248535
593697550222229504
593697571214589957
593697580983123968
593697590118187018
593697592299225090
593697600956268546
593697613321207818
593697618597511168
593697629129670657
593697633214791700
593697995036426251
593698022521700362
593698054129975297
593698083783704608
593698084119248896
593698087562772509
593698107607482378
593698135566450708
593698561284243457
593698577084055552
593698584059445248
593698641458364421
593698646168436766
593698672923901953
593698678448062475
593698679026614273
593698697733472258
593698772765376532
593698787869065221
593698803618414605
593698820043440128
593698821268176919
593698825529720842
593698826674765824
593698873302712351
593698900876197889
593698915992338433
593698975165448196
593699017586769940
593699020510068736
593699020933693471
593699050130505797
593699060360151060
593699066760658964
593699070661492753
593699075497525251
593699096477433858
593699117910458391
593699123291750441
593699401457860609
593699403475189770
593699415869489166
593699457984364558
593699472022962207
593699480738725902
593699493321637888
593699503777906698
593699504495132672
593699523134619677
593699533779894302
593699555300737034
593699571373309962
593699651014623233
593791901891821568
593795731236716554
593865810355945482
593925758703894538
593957294430224390
593958816392151071
593989581129383946
593991482738868236
594078458699841536
594132659299680306
594132677502959616
594132898840576010
594187474662719510
594195348524761265
594279068229173250
594315568753147914
594315580945989662
594315610494599171
594315635064832051
594315657378529301
594315662025949262
594315662713815062
594315687758004224
594315740065300483
594315776593362975
594315789448773660
594315793316184084
594323414991372306
594341306025639956
594343106732621844
594355880972124205
594357626838712321
594359487708528659
594374293329149972
594376333358792704
594379272307736595
594379509558673428
594386954724835338
594393512821260288
594398101746483211
594435760287907840
594460254989975558
594475253556838410
594480346565705799
594502178090254336
594553528169791499
594593293468172336
594601292681183260
594698951052099584
594766016500727808
594818197954494505
594823467216666624
594842109962485780
594848153329598474
594853456942989373
594860509568696324
594862858265690112
594864001255604227
594894897291722811
594896207587835925
594909938627772492
594937265004871709
594937865947840521
594944776629911582
594963792589226006
594997566098243584
595006217454223387
595009716241956884
595012198909345804
595013176161075220
595040882156240896
595062204374450176
595087175910162464
595092190439538702
595098108862529605
595111048554479616
595127526989234225
595132237591216129
595170117130911744
595189153210171422
595211879690010624
595215838764728360
595235621585289241
595236950311567379
595257020425437185
595289045568061471
595292475552301094
595333014586785919
595338261698707467
595345472902791169
595362415030304779
595362945123221505
595367259569127443
595376066626060333
595402632533639179
595404734786174977
595407209379135509
595409251011264522
595409590041182229
595411270337953823
595412146515476627
595418921864134710
595422795828035585
595425115559297075
595440191678709760
595445577437675523
595446511480078347
595456654078902292
595457846758604800
595462520970412049
595470881174847509
595480336360538112
595482189467090954
595484988393259018
595486694598246411
595492784593698826
595506384733208576
595507008090931210
595508855660871701
595508865437532180
595508881711431682
595508912678109197
595508958949539867
595508985508134912
595508988527771649
595509012192034822
595509036875644938
595509053380231174
595509085906927637
595509127686520862
595509207772561446
595510470987874314
595513343175950339
595514960218423307
595518161831591946
595519101972119553
595525828838948865
595527075721641985
595529299696812043
595529647576449026
595530167196188674
595533001274949633
595537045821194245
595539477448097792
595543656883159050
595546223952396289
595547346524438528
595551360171376653
595551827823689739
595552793872433174
595557606181961750
595564619746115604
595565450927013921
595566002796756993
595567930205405209
595570039176953856
595571477810643039
595573315641540611
595578927016050688
595579513048399883
595580594184781875
595589900921733132
595590680580194314
595599842315862036
595601973886058536
595602894200373249
595603460209115166
595603891878494214
595621165121142784
595623321199181831
595623670190440459
595624177789304833
595631785304653834
595631969405108224
595632450991030293
595633646757609483
595637251086745600
595638703871885313
595644331130355712
595645065465167882
595645651182813194
595648150505652257
595652113804165130
595652336358129750
595660562189516830
595662402054258748
595668696232493127
595681494345973771
595681974362963998
595683182846804001
595697708245844012
595706575000305665
595727999752732738
595737956812324887
595738413060194304
595739227267006464
595739822937866262
595749857277247499
595754418847350784
595757359805104164
595758093833338905
595764194930982912
595767184941252608
595768620391464998
595771059769180183
595771372840419328
595773825816199202
595775305558523925
595782522449952797
595789020827746335
595791063340417074
595793051339718659
595800298816143360
595801485825146881
595801532201697300
595803302537592854
595804553723510785
595805182126718976
595809286932791317
595810863345303572
595811274173186068
595817466995933184
595818496412352524
595820271320039449
595820560127229973
595823845894520833
595828040232337408
595828362052632587
595828710909935617
595829344929185794
595830427898347521
595840851893157890
595849555627737099
595856318598742046
595857912476205056
595858012976185354
595858701764526083
595859131919761427
595859441627168769
595861807764340756
595861954979954717
595868878928609300
595874548654669855
595877695292833802
595878923028529163
595881040472571922
595883546388856833
595884250264502283
595886632952004618
595894068005961729
595894076683976731
595895286673440769
595900369322639361
595921329211834380
596104380332113940
596110230744596500
596113618391531540
596113960126775306
596115206883639338
596116297138438146
596116500532953088
596117537532411916
596118422220177408
596118665938731058
596119088103948290
596120614234751016
596121037125451787
596121572700585985
596122762175840277
596123198442176542
596124173865320468
596125563161411585
596125791322898432
596127787237113865
596129868723388426
596130706116050984
596132939683725314
596133548319047681
596134295471652893
596134914403991562
596135323319402516
596135486649663630
596135956419969035
596136056961630208
596136111122808832
596136275753304095
596137530181550112
596138891711348751
596139346676023308
596139609205768223
596140303178661893
596140452839686182
596141049374703622
596142044934701056
596142288938336266
596142654509547527
596142991127609354
596143241561243648
596144791906025472
596145207360225288
596145684130824209
596146345165848576
596146725991874601
596146957848936494
596147403615240206
596147729802199054
596148445614702592
596148513155317780
596148753786994697
596149051649556495
596150265996902410
596150595623321602
596150715739799582
596150772354252862
596150913823932416
596151058921685012
596153405748281365
596153982611750912
596154625351090178
596155739374878751
596156444626124819
596156709202952192
596157631018827789
596157677525270529
596158011219640331
596158674381176843
596160230396788758
596160625441374239
596161268126056481
596161501686005800
596161963373887517
596163356520611840
596163372697780224
596163470408548362
596164103639138304
596164443457454080
596165855122030603
596166090128621578
596167764444446731
596168289273774130
596172029342908428
596172995106701362
596173435701428228
596175064542478347
596176576757104657
596176663432134673
596176758152101898
596178134437593116
596179915070504971
596180831840501770
596181485719912451
596181503994757121
596181633015742514
596181830344900608
596183344165945367
596183749868388352
596185262770618388
596185278490869821
596185287240056859
596185885817700356
596186062938701834
596186434394652709
596187213654654987
596188255079235585
596188298699866122
596189612033048576
596191205180702720
596192512268566528
596193043560923137
596196272545726465
596196901481873408
596196906967891968
596197228196921384
596197987345104906
596199852006965276
596200093590355988
596200203275730955
596200368715595796
596200494171553794
596200639827279872
596201313583366157
596201544441921537
596204764405039104
596206081504706571
596207102058561547
596207462068256778
596207834732036097
596209974435250177
596211224631312417
596212152944164895
596212626326028290
596213369074352140
596214752699613197
596215657352265741
596215960483135498
596217612543983616
596218003083886602
596218560699695104
596219479663312897
596219842823192606
596219888167682048
596219901375676416
596219927430430721
596220874244489230
596220876836306983
596220877557727260
596220877880688661
596220878354776076
596220879084584964
596220879772450836
596220881538383882
596220881819402240
596220882444353546
596220882473582595
596220882993676289
596220883656245259
596220884050640896
596220884084064266
596220884159561748
596220884449230880
596220885187428362
596220885250080778
596220885514584074
596220885858385944
596220886261170177
596220887913463809
596220889343983616
596220889767346176
596220889994100736
596220890274856997
596220890912653324
596220891352793131
596220891386478592
596220894737596417
596220894955700224
596220894997774356
596220895228329987
596220896545472514
596220897132806154
596220897275150338
596220898416263203
596220898491498498
596220899141877760
596220899246735372
596220900421009431
596220902040010758
596220902128222218
596220902182748191
596220902262439936
596220902312640512
596220902371360769
596220902476087306
596220902648053770
596220902736265216
596220904384495628
596220904934080531
596220905114435596
596220906955866122
596220907060592661
596220907203067915
596220907257856000
596220907274371082
596220907316445193
596220907337547776
596220907383685120
596220907576360962
596220907811373057
596220907832475658
596220907836407838
596220908117426177
596220908197380103
596220908314689536
596220908360695808
596220908360695819
596220908419678228
596220909011075072
596220909489225738
596220909551878156
596220909929365516
596220909933690912
596220909937754142
596220909946142720
596220910210514957
596220910281818128
596220910302658564
596220910613037066
596220910671888384
596220910684602399
596220910835466240
596220910944387072
596220911561211964
596220912232038411
596220912530096148
596220912915841034
596220913129750536
596220913394122782
596220914493030452
596220914501419008
596220915017318410
596220915038289970
596220917269397516
596220919513612318
596220919526064128
596220920130174997
596220923397537792
596220925381312525
596220925721182208
596220929697120276
596220930766667796
596220935586054145
596220935988576266
596220937238478859
596220939243356170
596220939834753024
596220941642760193
596220942087094273
596220942510850049
596220946390712341
596220947434831872
596220952841420802
596220964866621441
596220970713219082
596220971178786836
596220972248334346
596220986878197763
596220989059366922
596221031740473361
596221050862174220
596221066850861066
596222889892642816
596222892623003649
596222893420052491
596222893436829697
596222893751271424
596222893822574593
596222893910917160
596222894166507530
596222894682538005
596222894925676575
596222895001436161
596222895030534150
596222895185985537
596222895185985557
596222895525462036
596222895764799498
596222895815000064
596222895861268501
596222896180035584
596222896238624769
596222896288956426
596222896612048917
596222896955850763
596222896968302603
596222897165565982
596222897950031872
596222898717458441
596222898826379264
596222899011190787
596222899094814730
596222899170574336
596222899208323093
596222899535478794
596222899879411726
596222900374339586
596222900634386432
596222900806221824
596222900923662337
596222900944502815
596222901166931968
596222901380841493
596222901896871938
596222903180066836
596222904258002974
596222905101189129
596222905311035402
596222905595985920
596222905621151754
596222906619396096
596222906992951297
596222907215118336
596222907764441089
596222908720873472
596222908959948811
596222912273448967
596222913175224331
596222913313636367
596222913506574336
596222913867415555
596222913900838931
596222914689368064
596222914785705984
596222915477897217
596222915729555469
596222916257906699
596222916740382722
596222916954292227
596222918271172620
596223169334083598
596223598755184641
596223600978296842
596224433715281920
596226078951997456
596226246216777730
596227972445241361
596229886998478858
596230487312433162
596231893289271297
596232379006320641
596233395651084298
596233519143845918
596233670843432979
596233886204297248
596233923638329354
596236947001835541
596237220130848768
596238261739978768
596238787344990212
596243064213864458
596243844870307840
596244118104047637
596246406373703701
596247888213049354
596248852902838272
596249036479135754
596252173810270208
596252305456758784
596254802720194563
596259518308941834
596260306972573707
596261766023872524
596262289502634014
596262434247802880
596263751037091851
596263878430556191
596264338491179008
596266820759977984
596267165984882702
596267692407783424
596268997893423118
596270736633495563
596297210556317700
596297397919809537
596299131660795954
596299637258846218
596300187006140439
596300508302671883
596300535456595969
596300639559090177
596300943654518784
596301395146178560
596301438553030686
596303023878176790
596303437373898753
596303546182270992
596304481260535809
596304882542313473
596305815028236312
596305853414637568
596306400423051294
596306466995044352
596306985427664899
596307210162929690
596307485787160576
596307631648276480
596308498527158285
596308559277588480
596308561190191105
596308921254150164
596310127280128005
596310473234972722
596310813686366210
596310851099688982
596311178360127490
596311691986206740
596311905967276033
596314657799667713
596315017243131905
596315244478070795
596318288703782915
596319177094987787
596319195281752067
596320376296964097
596321531165016064
596321870316306442
596323267418128386
596324583137738765
596324713093922827
596325548779765761
596325774039056385
596327763191922718
596329531791507457
596331167649628181
596332242129911839
596332290091646976
596332471105224704
596334359968219157
596335409592664094
596335598168571934
596336107449352202
596337726593433600
596338189611040768
596338448751919105
596338750355669004
596340030184620032
596340221193355274
596341741322240034
596344682473062440
596344731479310343
596345875073335307
596346113863319552
596348439516807204
596349040883662888
596349962120331287
596351393128906752
596351427119415296
596351434165846056
596351677603512320
596352192441745438
596352466052841472
596352833377402891
596353031897874432
596353899770675200
596353980502769740
596353984143294464
596354075726053406
596354140716793877
596355507095076886
596355862705078372
596355957471313921
596356145141121024
596356546691203072
596357875031474182
596357904563437568
596357958137544734
596358233363447810
596359137336492052
596360361435856918
596362444851511407
596362868124024832
596363410082365450
596364436013580295
596364853174730762
596365087107973163
596366646059204642
596367128081203250
596367131365474343
596368998103384084
596370757035229227
596371756030099510
596373228180471838
596375000949194782
596376523875811338
596381180585312258
596381416225505281
596381559653662731
596382243170156575
596382385923424256
596382556551643146
596384210680283166
596384338237587510
596384544974962718
596386030085472256
596386034229444628
596386256846585866
596386858116579373
596388326429163523
596389051263614988
596390545396465671
596390647255138358
596392190586912768
596392842339811351
596392912724688918
596394351899181084
596394514172608523
596394691327557675
596398070866903073
596398536753545216
596399690480746496
596399718138118144
596400991306383560
596427082075078676
596431127271702528
596450843763408908
596454798304346123
596456058852212746
596456481050722345
596459072673546251
596469215372902419
596469938776965131
596469989519785995
596470055911292950
596471230312480783
596471319894294528
596473857830027264
596474064546168852
596475355330641940
596476709214093312
596483356728885259
596484334190460959
596484525832536094
596489977316114459
596491198374608896
596491676730785792
596494393163382822
596495693263273998
596496456245051393
596497230496530433
596497249190805526
596498011866267650
596498279034781716
596499632104931350
596500103028670494
596501404529459203
596502582151610369
596504565017477131
596504958262575124
596506335277744128
596506719358812160
596508818897371152
596512503509417986
596512827792031762
596513097137651730
596519472626401301
596522357737390094
596522636138250242
596522697123561476
596523013701369875
596523201236828181
596523463444004904
596525166595407893
596525475040591893
596525641252470804
596525756226469908
596525840880369673
596526040264867852
596526773685190687
596528675823026176
596528812897075220
596529267253313536
596532492719095829
596532685174865921
596533160481652746
596534349369835543
596534831635234838
596535329515765760
596536478868439040
596536770896855090
596537123373318155
596538606420492298
596538999770710026
596539261621370882
596539918130610186
596540766780915723
596541515367579654
596541526566502402
596542194630918184
596544650458955777
596544694268461056
596545391382626366
596546570594418699
596547783532609539
596548290665906186
596551117907689472
596551734671966218
596552561088135170
596552658781863955
596552714398466058
596552929503215627
596553595181072401
596554362621526016
596555467770298393
596557370482753556
596561032185643019
596561357625884693
596561529210404875
596563044973281301
596563603746848770
596564271194963968
596565044846657547
596567497071919104
596568327288258561
596569884268167197
596577327224324108
596579368768241677
596581268322254868
596582794638000140
596583268539957248
596583336894398474
596584911595372545
596586003385548802
596586111908970506
596586327064182806
596586379736252417
596587181875658776
596587233033584653
596588673537933342
596589721832914944
596590245357682699
596591900832563211
596594212443521033
596595302438535179
596595418536607755
596596714413096960
596597294741323787
596598667813847041
596598902510321664
596599161193758731
596600117708980246
596600233736011787
596601355401953310
596602542146977801
596602706920079360
596603160886247424
596603272916107264
596603398770655245
596605023010553866
596605534719836170
596605703104364555
596605937310105628
596606040519475211
596606857183887360
596607275087691777
596608596696104970
596609047344578572
596610215621689364
596612789066399746
596615718334758912
596615755550687251
596616139795202059
596616472436932608
596618396146335760
596618464161169438
596619699807059979
596623085013172224
596624565334179840
596627312645242880
596628776964849674
596629189482905611
596632415871434752
596632584092647434
596633570190163969
596634849402421258
596635327649808394
596635866076807178
596637070064091137
596638877423370270
596640510442078209
596641465535430660
596642946141388810
596643020795936784
596643268247158804
596643493187944448
596644577621049359
596648081781686303
596649261870088194
596649355688280075
596650544056107008
596652395295932426
596652421132845056
596653329820418088
596653595571781663
596653771530960906
596653810097586177
596654611847446530
596654700795920403
596660206306590721
596661802234806303
596661827690168346
596661839681683457
596665561132302356
596665595718664193
596666106475708417
596667022125826059
596667475920158732
596667937452982283
596668230991609878
596668449057538072
596668726372466698
596669171836780544
596669800600698890
596670247587676220
596677251030843392
596677286237962241
596677429607792642
596677740061523988
596678372453646337
596678960000139267
596679468068896768
596679677809000459
596681910844129300
596686310018908197
596688139465261057
596690250093297690
596694945100857347
596695621218598922
596696627276677140
596697181122199572
596697849924681750
596704099471196160
596704586715103251
596704727081680933
596706643958562816
596709795541549056
596711247190294539
596712161523531806
596712435843465217
596716512975388683
596718258057379880
596718993352687626
596719014865272832
596719081286139981
596719381967405356
596719840597639178
596720740921901070
596720842709270585
596722927597125653
596723557195841548
596726773018918913
596727311970336768
596727880013053952
596728706576416782
596730070618603576
596731573399977997
596732043891834901
596733473138540586
596738057097576454
596744308309229578
596773516934774815
596776430793261067
596777392513482752
596778440363999263
596778725073485824
596779169715585034
596779239609466939
596779366126714904
596781251462168578
596782182568034305
596782654343479365
596782792906375178
596783689640312843
596784888636506113
596784979195854852
596785998244085765
596786184638693377
596786285620756483
596786733463633920
596786749686939659
596786859464720414
596786957691125786
596787171159965751
596787330996633644
596787589092999171
596787589797773373
596787924494974977
596788171728093204
596788187154612236
596788850278268948
596788969954607116
596789591105601539
596789706251829259
596789724333604877
596790101686747139
596790832602808329
596790993143988245
596791695237054494
596792635620851736
596793011459981320
596793150786371584
596793301890498601
596793587631390741
596794536584413214
596798308295508044
596798335084658700
596799038913773578
596800370236194817
596800549278580924
596801241854509056
596801454325628928
596801852146712596
596802068069744653
596802188597133313
596802481422336010
596802880061702150
596802957094289421
596803125151793175
596803625829924874
596804641703067648
596805268986265626
596806881113014465
596807343476441126
596807366431866898
596809487281553410
596809678764113946
596810937172754462
596812321217839107
596812470912286760
596812781781647364
596813355688263680
596813854202265619
596814527887179826
596815853207683082
596818918048399484
596822506547970096
596822938414612480
596825191561035806
596825197076676667
596825647222095892
596826447545499648
596826951184941071
596828096791969796
596828368494657566
596828438304915466
596829297898029114
596831369104195584
596832725579595816
596836633744113665
596838175465537536
596840063132893184
596840358952960020
596840580986961987
596841454140391464
596843865810403365